2.000000 3.354720 33.044983
4.000000 -6.899789 33.044980
6.000000 3.677825 33.044979
8.000000 4.669600 33.044979
10.000000 9.836177 33.044979
12.000000 12.347005 33.044979
14.000000 12.458922 33.044979
16.000000 8.477490 33.044979
18.000000 8.647310 33.044979
20.000000 8.784761 33.044979
30.000000 11.444371 33.044979
40.000000 12.286222 33.044979
50.000000 14.448043 33.044979
60.000000 14.773689 33.044979
70.000000 18.782102 33.044979
80.000000 11.955802 33.044979
90.000000 14.561586 33.044979
100.000000 25.597342 33.044979
100.000000 25.597342 33.044979
